1752053131.765064,0
1752053131.876308,1
1752053132.046613,0
1752053132.221116,0
1752053132.355669,0
1752053132.464498,0
1752053132.651690,0
1752053132.824199,0
1752053132.957635,0
1752053133.075389,0
1752053133.185024,0
1752053133.299012,0
1752053133.408424,1
1752053133.534460,0
1752053133.649234,0
1752053133.762137,0
1752053133.873367,0
1752053133.984749,0
1752053134.096152,0
1752053134.207198,0
1752053134.319480,0
1752053134.430682,1
1752053134.542502,0
1752053134.660135,0
1752053134.777357,0
1752053134.894653,0
1752053135.009269,0
1752053135.126209,0
1752053135.238004,0
1752053135.353708,0
1752053135.492608,0
1752053135.623068,0
1752053135.730494,0
1752053135.871279,0
1752053135.999069,0
1752053136.124069,0
1752053136.321834,0
1752053136.432120,1
1752053136.542484,0
1752053136.676223,0
1752053136.820540,0
1752053136.933527,0
1752053137.129940,1
1752053137.387304,1
1752053137.562775,0
1752053137.674207,0
1752053137.794763,1
1752053137.943274,1
1752053138.077360,0
1752053138.186142,0
1752053138.339028,0
1752053138.459585,1
1752053138.609977,1
1752053138.720517,0
1752053138.831442,0
1752053138.942909,1
1752053139.051045,1
1752053139.166954,0
1752053139.277673,1
1752053139.388729,1
1752053139.499547,0
1752053139.609439,0
1752053139.719874,1
1752053139.829509,0
1752053139.953145,0
1752053140.073546,0
1752053140.185650,0
1752053140.322445,0
1752053140.432927,0
1752053140.544316,0
1752053140.672072,0
1752053140.783294,1
1752053140.892953,1
1752053141.005458,0
1752053141.113332,0
1752053141.240376,0
1752053141.505810,1
1752053141.664964,1
1752053141.826953,0
1752053141.985854,0
1752053142.129687,1
1752053142.327855,1
1752053142.510248,1
1752053142.619726,0
1752053142.729920,0
1752053142.840450,0
1752053142.950749,0
1752053143.057839,0
1752053143.168462,0
1752053143.278546,0
1752053143.393550,0
1752053143.503458,0
1752053143.615221,0
1752053143.727310,0
1752053143.838365,0
1752053143.950052,0
1752053144.057118,0
1752053144.178360,0
1752053144.290876,0
1752053144.430478,1
1752053144.541188,0
1752053144.654718,0
1752053144.764714,0
1752053144.887321,0
1752053144.996217,0
1752053145.108488,0
1752053145.218684,0
1752053145.327947,0
1752053145.446475,1
1752053145.558666,0
1752053145.670737,0
1752053145.782220,0
1752053145.949746,1
1752053146.057665,0
1752053146.167148,0
1752053146.277068,0
1752053146.387001,0
1752053146.497685,0
1752053146.608518,0
1752053146.719822,0
1752053146.830130,0
1752053146.941105,0
1752053147.049764,0
1752053147.158678,0
1752053147.269603,0
1752053147.379703,1
1752053147.488970,0
1752053147.599517,0
1752053147.710789,0
1752053147.820537,0
1752053147.930842,0
1752053148.041788,0
1752053148.152544,0
1752053148.262740,0
1752053148.384816,1
1752053148.506791,0
1752053148.617459,0
1752053148.727347,0
1752053148.835600,0
1752053148.945054,0
1752053149.052991,0
1752053149.163048,0
1752053149.273697,0
1752053149.383800,0
1752053149.494083,1
1752053149.607877,0
1752053149.721638,0
1752053149.831112,0
1752053149.939247,0
1752053150.052636,0
1752053150.163147,0
1752053150.283409,0
1752053150.392892,0
1752053150.502595,1
1752053150.612427,0
1752053150.718138,0
1752053150.831826,0
1752053150.942713,0
1752053151.051239,0
1752053151.164357,0
1752053151.273026,0
1752053151.383185,0
1752053151.492794,0
1752053151.602964,0
1752053151.707617,1
1752053151.818159,0
1752053151.927806,0
1752053152.038436,0
1752053152.148387,0
1752053152.259044,0
1752053152.369519,0
1752053152.480000,0
1752053152.590994,0
1752053152.697559,0
1752053152.806321,0
1752053152.917464,1
1752053153.028651,0
1752053153.139964,0
1752053153.258479,0
1752053153.369421,0
1752053153.479521,0
1752053153.593297,0
1752053153.704569,0
1752053153.815728,0
1752053153.927372,0
1752053154.038924,0
1752053154.150413,0
1752053154.301606,0
1752053154.412416,0
1752053154.523720,0
1752053154.635538,0
1752053154.746607,0
1752053154.856750,0
1752053154.968084,0
1752053155.077460,0
1752053155.187852,0
1752053155.297976,0
1752053155.409546,0
1752053155.515459,0
1752053155.621045,0
1752053155.731072,0
1752053155.842996,1
1752053155.953575,0
1752053156.061161,0
1752053156.216101,0
1752053156.327986,0
1752053156.439812,0
1752053156.552449,0
1752053156.663505,0
1752053156.806109,0
1752053156.917257,0
1752053157.029949,0
1752053157.140599,0
1752053157.251316,1
1752053157.364576,0
1752053157.475765,0
1752053157.586967,0
1752053157.698063,0
1752053157.812017,0
1752053157.924167,0
1752053158.035324,0
1752053158.155803,1
1752053158.267183,1
1752053158.377605,0
1752053158.489331,0
1752053158.600783,0
1752053158.712164,0
1752053158.877849,0
1752053158.990888,0
1752053159.112122,0
1752053159.229838,0
1752053159.442617,1
1752053159.550428,0
1752053159.683309,0
1752053159.798362,0
1752053159.908305,0
1752053160.018804,0
1752053160.163593,1
1752053160.286742,0
1752053160.401469,0
1752053160.511730,0
1752053160.635183,0
1752053160.763236,0
1752053160.872678,0
1752053160.982608,1
1752053161.096431,0
1752053161.207269,0
1752053161.327038,0
1752053161.437551,0
1752053161.561066,0
1752053161.753873,1
1752053161.955128,1
1752053162.128709,1
1752053162.371075,1
1752053162.613156,1
1752053162.723419,1
1752053162.838880,1
1752053162.955727,0
1752053163.131301,0
1752053163.246547,1
1752053163.394934,0
1752053163.505454,0
1752053163.646625,0
1752053163.756101,1
1752053163.868930,0
1752053163.984343,0
1752053164.104656,0
1752053164.217511,0
1752053164.343962,0
1752053164.455441,0
1752053164.568481,0
1752053164.683357,0
1752053164.793908,0
1752053164.913118,0
1752053165.026428,0
1752053165.138328,0
1752053165.259522,0
1752053165.369959,0
1752053165.487478,0
1752053165.598977,0
1752053165.710902,0
1752053165.817061,0
1752053165.927308,0
1752053166.037573,0
1752053166.148192,0
1752053166.257607,0
1752053166.368746,0
1752053166.473392,0
1752053166.583150,0
1752053166.692546,0
1752053166.802717,0
1752053166.908008,0
1752053167.020968,0
1752053167.131479,0
1752053167.243062,0
1752053167.353534,0
1752053167.464827,0
1752053167.575758,0
1752053167.686588,0
1752053167.797358,1
1752053167.907035,0
1752053168.016337,0
1752053168.127090,0
1752053168.238209,0
1752053168.349155,0
1752053168.459477,0
1752053168.569529,0
1752053168.678870,0
1752053168.787561,0
1752053168.897592,0
1752053169.006630,1
1752053169.117888,0
1752053169.241608,0
1752053169.350999,0
1752053169.460670,0
1752053169.568126,0
1752053169.678429,0
1752053169.784564,0
1752053169.905963,0
1752053170.015717,0
1752053170.125612,0
1752053170.236108,0
1752053170.347507,0
1752053170.457688,0
1752053170.568605,0
1752053170.679168,0
1752053170.787729,0
1752053170.898247,0
1752053171.009332,0
1752053171.120274,0
1752053171.230895,0
1752053171.341602,0
1752053171.451501,1
1752053171.561883,1
1752053171.673008,0
1752053171.783493,0
1752053171.892987,0
1752053172.003220,0
1752053172.113914,0
1752053172.224410,0
1752053172.335486,0
1752053172.445234,0
1752053172.555981,0
1752053172.664926,0
1752053172.776173,0
1752053172.886836,0
1752053173.006490,0
1752053173.116617,0
1752053173.228679,0
1752053173.338730,0
1752053173.448647,0
1752053173.558489,0
1752053173.667265,0
1752053173.776047,1
1752053173.887084,0
1752053173.995332,0
1752053174.105561,0
1752053174.216127,0
1752053174.327115,0
1752053174.438620,0
1752053174.549445,0
1752053174.659964,0
1752053174.770905,0
1752053174.883563,0
1752053174.995151,0
1752053175.105498,0
1752053175.215873,0
1752053175.324932,0
1752053175.435191,0
1752053175.545316,0
1752053175.652648,0
1752053175.762275,0
1752053175.874720,0
1752053175.985595,0
1752053176.093028,0
1752053176.202527,1
1752053176.310906,0
1752053176.421138,0
1752053176.532365,0
1752053176.643555,0
1752053176.753477,0
1752053176.864322,0
1752053176.975092,0
1752053177.083069,0
1752053177.193309,0
1752053177.303588,0
1752053177.413961,1
1752053177.523263,0
1752053177.633534,0
1752053177.745150,0
1752053177.854993,0
1752053177.965471,0
1752053178.076336,0
1752053178.186798,0
1752053178.296848,0
1752053178.406619,0
1752053178.524346,1
1752053178.634650,0
1752053178.745072,0
1752053178.856260,0
1752053178.966453,0
1752053179.076726,0
1752053179.192505,0
1752053179.302713,0
1752053179.414180,0
1752053179.526964,0
1752053179.638495,1
1752053179.749360,0
1752053179.859700,0
1752053179.979643,0
1752053180.094177,0
1752053180.205706,0
1752053180.411140,1
1752053180.615034,1
1752053180.726180,0
1752053180.836711,0
1752053180.946568,0
1752053181.055410,0
1752053181.165587,0
1752053181.276323,0
1752053181.386885,0
1752053181.497336,0
1752053181.607883,0
1752053181.723452,0
1752053181.833990,0
1752053181.944991,0
1752053182.053006,0
1752053182.164486,0
1752053182.274769,0
1752053182.386022,0
1752053182.496237,0
1752053182.607165,0
1752053182.717084,0
1752053182.828116,0
1752053182.938984,0
1752053183.050668,0
1752053183.160306,0
1752053183.271092,0
1752053183.382132,0
1752053183.493240,0
1752053183.602796,0
1752053183.711318,0
1752053183.822838,0
1752053183.934399,0
1752053184.045772,0
1752053184.156840,0
1752053184.267392,0
1752053184.378816,1
1752053184.489690,0
1752053184.601319,0
1752053184.725639,0
1752053184.857419,0
1752053184.967864,0
1752053185.078856,0
1752053185.188693,1
1752053185.299660,0
1752053185.410472,0
1752053185.520986,0
1752053185.631386,0
1752053185.741991,0
1752053185.852560,0
1752053185.963854,0
1752053186.074557,0
1752053186.185062,0
1752053186.295370,1
1752053186.406075,0
1752053186.516865,0
1752053186.627851,0
1752053186.737949,0
1752053186.847258,0
1752053186.957311,0
1752053187.067578,0
1752053187.178598,0
1752053187.289845,0
1752053187.400708,0
1752053187.510896,1
1752053187.621511,0
1752053187.732356,0
1752053187.840961,0
1752053187.951761,0
1752053188.074653,0
1752053188.185216,0
1752053188.295748,0
1752053188.406287,0
1752053188.516736,1
1752053188.628003,0
1752053188.737851,0
1752053188.849199,0
1752053188.959384,0
1752053189.069987,0
1752053189.180513,0
1752053189.291347,0
1752053189.401330,0
1752053189.511434,0
1752053189.621053,0
1752053189.729346,1
1752053189.839566,0
1752053189.949355,0
1752053190.055403,1
1752053190.166766,0
1752053190.279952,0
1752053190.390023,0
1752053190.500338,0
1752053190.620072,0
1752053190.731555,0
1752053190.842057,0
1752053190.952587,0
1752053191.062505,0
1752053191.172625,0
1752053191.282965,0
1752053191.392875,0
1752053191.504419,0
1752053191.614641,0
1752053191.726591,0
1752053191.836969,0
1752053191.947524,1
1752053192.055091,0
1752053192.161444,0
1752053192.274073,0
1752053192.385281,0
1752053192.495613,0
1752053192.606639,0
1752053192.717522,0
1752053192.829374,0
1752053192.940658,0
1752053193.057125,0
1752053193.167749,0
1752053193.278986,0
1752053193.388304,0
1752053193.498246,0
1752053193.608284,0
1752053193.717726,0
1752053193.826738,0
1752053193.933331,0
1752053194.044366,0
1752053194.155505,0
1752053194.269841,0
1752053194.380390,0
1752053194.491809,0
1752053194.604024,0
1752053194.716872,0
1752053194.828471,0
1752053194.940148,0
1752053195.049193,0
1752053195.160495,0
1752053195.275804,1
1752053195.388676,1
1752053195.500937,0
1752053195.611624,0
1752053195.762538,0
1752053195.874211,0
1752053195.985914,0
1752053196.095936,0
1752053196.207069,0
1752053196.318844,0
1752053196.451085,0
1752053196.577958,0
1752053196.696973,0
1752053196.809973,0
1752053196.918421,0
1752053197.056676,0
1752053197.196739,0
1752053197.307930,1
1752053197.419727,0
1752053197.531060,0
1752053197.641077,0
1752053197.752407,0
1752053197.867843,0
1752053197.977266,0
1752053198.107269,0
1752053198.216632,0
1752053198.331429,1
1752053198.443157,0
1752053198.568379,0
1752053198.694170,0
1752053198.805899,0
1752053198.917795,1
1752053199.027464,0
1752053199.141414,0
1752053199.254110,0
1752053199.385702,0
1752053199.512945,0
1752053199.638664,0
1752053199.763064,0
1752053199.881761,0
1752053199.991761,0
1752053200.106093,0
1752053200.215099,0
1752053200.330709,0
1752053200.453389,1
1752053200.563340,0
1752053200.674194,0
1752053200.784433,0
1752053200.896209,0
1752053201.007126,0
1752053201.115915,0
1752053201.258837,0
1752053201.373302,0
1752053201.484429,0
1752053201.666552,0
1752053201.777808,0
1752053201.888423,0
1752053202.069933,0
1752053202.183699,0
1752053202.296851,0
1752053202.466231,0
1752053202.577003,0
1752053202.689206,0
1752053202.800070,0
1752053202.910946,0
1752053203.024765,0
1752053203.132996,0
1752053203.243587,0
1752053203.355294,0
1752053203.466504,0
1752053203.594738,1
1752053203.705404,0
1752053203.817150,0
1752053203.927896,0
1752053204.037236,0
1752053204.146608,0
1752053204.265753,0
1752053204.374882,0
1752053204.484742,0
1752053204.593393,0
1752053204.703000,1
1752053204.813017,0
1752053204.923988,0
1752053205.034908,0
1752053205.145227,0
1752053205.255548,0
1752053205.364847,0
1752053205.475161,0
1752053205.585410,0
1752053205.695358,0
1752053205.805822,0
1752053205.916321,0
1752053206.026974,0
1752053206.137145,0
1752053206.248016,0
1752053206.358532,0
1752053206.468891,0
1752053206.578369,0
1752053206.690384,0
1752053206.800628,0
1752053206.910957,0
1752053207.021601,1
1752053207.128363,0
1752053207.238617,0
1752053207.348706,0
1752053207.459289,0
1752053207.570012,0
1752053207.678921,0
1752053207.789917,0
1752053207.900243,0
1752053208.011152,0
1752053208.119176,0
1752053208.231277,0
1752053208.343050,0
1752053208.455659,0
1752053208.566295,0
1752053208.676612,0
1752053208.787138,0
1752053208.898659,0
1752053209.009709,0
1752053209.119614,0
1752053209.230592,0
1752053209.342546,0
1752053209.453722,0
1752053209.564444,0
1752053209.673378,0
1752053209.784076,0
1752053209.893965,0
1752053210.004059,0
1752053210.114682,0
1752053210.224936,0
1752053210.333980,0
1752053210.444138,0
1752053210.548932,0
1752053210.659378,1
1752053210.766826,0
1752053210.876893,0
1752053210.986595,0
1752053211.097007,0
1752053211.207635,0
1752053211.317430,0
1752053211.427902,0
1752053211.538667,0
1752053211.649593,0
1752053211.761090,0
1752053211.870186,1
1752053211.981270,0
1752053212.091543,0
1752053212.202313,0
1752053212.312454,0
1752053212.423102,0
1752053212.532899,0
1752053212.644134,0
1752053212.754244,0
1752053212.864744,0
1752053212.974578,1
1752053213.085485,0
1752053213.195291,0
1752053213.307138,0
1752053213.418774,0
1752053213.530054,0
1752053213.640113,0
1752053213.750917,0
1752053213.861487,0
1752053213.971964,0
1752053214.083343,1
1752053214.194671,0
1752053214.305197,0
1752053214.415471,0
1752053214.526350,0
1752053214.637901,0
1752053214.748378,0
1752053214.857870,0
1752053214.967995,0
1752053215.079155,0
1752053215.191403,0
1752053215.302319,0
1752053215.411624,0
1752053215.522438,0
1752053215.632663,0
1752053215.743196,0
1752053215.852453,0
1752053215.962631,0
1752053216.074217,0
1752053216.183657,0
1752053216.294479,0
1752053216.403192,0
1752053216.514084,1
1752053216.625059,0
1752053216.734709,0
1752053216.844844,0
1752053216.955042,0
1752053217.065453,0
1752053217.175612,0
1752053217.286588,0
1752053217.395495,0
1752053217.505977,0
1752053217.616582,0
1752053217.727886,0
1752053217.838493,0
1752053217.948240,0
1752053218.057378,0
1752053218.167130,0
1752053218.277057,0
1752053218.387814,0
1752053218.498745,0
1752053218.609973,0
1752053218.720454,0
1752053218.831963,0
1752053218.941143,0
1752053219.051701,0
1752053219.162234,0
1752053219.272075,0
1752053219.440812,1
1752053219.552691,0
1752053219.663536,0
1752053219.773012,0
1752053219.883713,0
1752053219.993105,0
1752053220.130071,0
1752053220.241923,0
1752053220.352824,0
1752053220.464377,0
1752053220.577168,0
1752053220.688581,0
1752053220.800591,0
1752053220.912308,0
1752053221.034543,0
1752053221.148109,0
1752053221.258935,0
1752053221.366941,0
1752053221.476153,0
1752053221.587512,0
1752053221.697966,0
1752053221.809019,0
1752053221.917827,0
1752053222.027753,0
1752053222.135242,0
1752053222.249719,0
1752053222.356880,0
1752053222.467385,1
1752053222.577741,0
1752053222.686875,0
1752053222.796506,0
1752053222.906796,0
1752053223.016749,0
1752053223.127848,0
1752053223.237774,0
1752053223.348018,0
1752053223.458820,0
1752053223.569497,0
1752053223.680342,1
1752053223.791484,0
1752053223.901007,0
1752053224.011536,0
1752053224.121604,0
1752053224.232610,0
1752053224.342810,0
1752053224.453988,0
1752053224.564716,0
1752053224.674809,0
1752053224.786352,1
1752053224.898307,0
1752053225.008940,0
1752053225.118481,0
1752053225.228464,0
1752053225.338641,0
1752053225.448927,0
1752053225.560054,0
1752053225.670555,0
1752053225.779802,0
1752053225.889193,0
1752053225.999908,0
1752053226.110415,0
1752053226.220720,0
1752053226.338146,0
